
    0.0195    0.8958   -0.4440
   -0.9994    0.0054   -0.0331
   -0.0272    0.4444    0.8954



    0.0213   -0.8925    0.4505
    0.9996    0.0096   -0.0283
    0.0210    0.4509    0.8923



   -0.0144   -0.7121    0.7019
    0.9996   -0.0283   -0.0082
    0.0257    0.7015    0.7122



    0.0816    0.8214   -0.5646
   -0.9905    0.0040   -0.1373
   -0.1105    0.5704    0.8139



   -0.0110   -0.8947    0.4466
    0.9999   -0.0056    0.0135
   -0.0096    0.4467    0.8946



   -0.1518   -0.9143    0.3756
    0.9303   -0.0038    0.3667
   -0.3339    0.4051    0.8511



    0.0140   -0.7081    0.7060
    0.9999    0.0141   -0.0056
   -0.0060    0.7060    0.7082



    0.1523    0.8829   -0.4442
   -0.9059   -0.0550   -0.4199
   -0.3952    0.4664    0.7914



    0.0883    0.7175   -0.6909
   -0.9914   -0.0037   -0.1306
   -0.0963    0.6965    0.7110


